1 0.80546875 0.2515625 0.06484375 0.09765625
1 0.77265625 0.18828125 0.040625 0.11484375
1 0.75234375 0.1328125 0.0421875 0.0890625
1 0.15703125 0.3421875 0.05859375 0.090625
1 0.22734375 0.1984375 0.05390625 0.0765625
1 0.215625 0.1453125 0.053125 0.09140625
0 0.28046875 0.2734375 0.028125 0.03828125
0 0.28984375 0.215625 0.02265625 0.040625
0 0.49765625 0.14375 0.02265625 0.034375
0 0.5 0.20703125 0.0265625 0.03828125
0 0.49921875 0.27578125 0.02578125 0.03828125
0 0.5 0.3484375 0.028125 0.0453125
0 0.7203125 0.275 0.01953125 0.03359375
0 0.7109375 0.21484375 0.01953125 0.0359375