1 0.1578125 0.34140625 0.0578125 0.08203125
1 0.22890625 0.20859375 0.046875 0.0703125
1 0.2171875 0.15234375 0.0453125 0.05703125
1 0.75078125 0.134375 0.040625 0.0890625
1 0.7703125 0.19296875 0.0484375 0.125
1 0.8078125 0.24765625 0.0515625 0.1078125
0 0.50078125 0.35234375 0.03203125 0.040625
0 0.49921875 0.27265625 0.03046875 0.05
0 0.49921875 0.14453125 0.02265625 0.03203125
0 0.5 0.2078125 0.02578125 0.0375
0 0.71875 0.27421875 0.0265625 0.04375
0 0.71015625 0.2171875 0.02265625 0.025
0 0.28046875 0.27578125 0.0234375 0.02734375
0 0.28828125 0.21171875 0.03359375 0.02734375