0 0.18601186736154415 0.19711938175355775 0.01994033000477251 0.036293815770898075
0 0.5033004593809524 0.3217050688958442 0.023828398671227012 0.034958828925077776
0 0.5031817333704528 0.2443158162650083 0.022338624005408824 0.04111782366340595
0 0.503172095361226 0.17630156363417238 0.022965332670272433 0.02788207629424182
0 0.5016635920194081 0.11384706626500832 0.025409080004772554 0.036612334186749605
0 0.29073573002863506 0.19414702922154384 0.023010786004136106 0.03178832629424182
0 0.2813158240372256 0.25801981342241087 0.02068521733768165 0.033214318401734035
0 0.7141823206954078 0.17026585330847274 0.02144828600413611 0.03169732103256999
0 0.7250476427036802 0.23061181910760573 0.02231135200509069 0.038774073663405864
0 0.8201317813494537 0.07106324288395109 0.020748852005090867 0.038683068401734036
1 0.8407731873806341 0.29970418237472485 0.06669769867918092 0.09600972099021768
1 0.775864708028317 0.1635461454724347 0.05708634134309047 0.07515118942018657
1 0.783731204686499 0.10054561653323954 0.056568720679499404 0.09776193678935066
1 0.2701681440165447 0.10622209499244195 0.04414144601368122 0.10328389469597585
1 0.2304431200270442 0.18593198179591003 0.04590394068268111 0.12056239995764773
1 0.19426071936663483 0.23416435544519848 0.05447950934913561 0.11950042889684287