0 0.50078125 0.1484375 0.02734375 0.03828125
0 0.49921875 0.20390625 0.01875 0.0375
0 0.50078125 0.27578125 0.025 0.03125
0 0.50078125 0.35234375 0.02734375 0.0328125
0 0.721875 0.27421875 0.02734375 0.0390625
0 0.7109375 0.21328125 0.02109375 0.03359375
0 0.28828125 0.21484375 0.0203125 0.03125
0 0.27890625 0.27421875 0.021875 0.03515625
1 0.15625 0.33203125 0.0578125 0.103125
1 0.228125 0.20078125 0.05 0.0796875
1 0.21875 0.153125 0.0578125 0.078125
1 0.75546875 0.13359375 0.04296875 0.08828125
1 0.7734375 0.19140625 0.0515625 0.128125
1 0.809375 0.24296875 0.07578125 0.08359375