1 0.215625 0.15 0.04765625 0.078125
1 0.25390625 0.17578125 0.059375 0.08203125
1 0.52890625 0.30546875 0.06015625 0.0984375
1 0.61640625 0.4140625 0.065625 0.0984375
1 0.7203125 0.16015625 0.0625 0.11171875
1 0.61953125 0.1703125 0.0546875 0.1
0 0.28359375 0.2765625 0.03125 0.03828125
0 0.50234375 0.21015625 0.02109375 0.03359375
0 0.5 0.27421875 0.0171875 0.03046875
0 0.503125 0.353125 0.01875 0.03515625
0 0.72109375 0.2734375 0.02265625 0.04140625
0 0.71015625 0.2140625 0.01640625 0.02890625
0 0.69453125 0.1234375 0.01875 0.0328125