0 0.5204976862830077 0.09713052657850585 0.030410248782184013 0.042442960344286275
0 0.5210101550334197 0.1573413402808367 0.021816498782184012 0.042142859981466566
0 0.5180703413164276 0.23619302657850585 0.027943767856907442 0.03532986479078994
0 0.5166112069825844 0.31978677657850585 0.03109604139585791 0.03700149219545166
0 0.27670500162485306 0.2254191845683886 0.030423885551659157 0.04322421034428627
0 0.28958287703024255 0.15942216233587003 0.023297178165332964 0.03750992368379737
0 0.7512743534912921 0.17710823637463793 0.02325626785690744 0.035166173683797416
0 0.760298751624853 0.24230665043978847 0.024886951704283435 0.03912698738612832
1 0.8935691732973645 0.3102803788402421 0.06525858157389948 0.11549107994439964
1 0.8171584521113203 0.16455616187253388 0.05620118141174402 0.08862847958157997
1 0.828242002435632 0.11178582593768445 0.0647812946422686 0.08814732994439964
1 0.2426726952114616 0.07023068756361352 0.048552322645445935 0.09773066106992567
1 0.2220368668839728 0.1328298912844778 0.05869098173605547 0.14180804328391083
1 0.18199251948176057 0.18771579872620642 0.08362675202859489 0.09427084437236992