1 0.7646136992686514 0.16550431769586232 0.04546823295387146 0.10098564732681181
1 0.8129341968330193 0.25104697554601785 0.0493199358759707 0.09808816048099142
1 0.855885355923629 0.2972541176111577 0.060230162337020235 0.09716269731269431
1 0.20505133319545746 0.39046391823232485 0.05493869034019756 0.10700042889684287
1 0.2411819277582959 0.22477029977412108 0.06033925649282175 0.10341269731269431
1 0.2276318965087078 0.1638860076807463 0.05022391680124727 0.1051649131118273
0 0.16043826257860644 0.3831827682746772 0.02103524878218401 0.042589318401734036
0 0.2987137840889619 0.30148398919430763 0.028943206168510115 0.04851309471009326
0 0.3014745454530476 0.23608650234848721 0.03524775324641087 0.05200211575678075
0 0.5267415523529064 0.17506351529090536 0.026422178165332967 0.03822033681758552
0 0.5279279512972462 0.24303226529090538 0.02736706939903506 0.047640839448421436
0 0.528414920858437 0.31564301266006944 0.03051934293798535 0.04938534997176518
0 0.5344797345754293 0.394822278445085 0.02664036647693564 0.050720336817585567
0 0.7537773851446221 0.26008877560248755 0.02658581939903506 0.047595336817585474
0 0.7643115105500116 0.32704105717251863 0.0295608149348082 0.03918359734092913