1 0.790625 0.29296875 0.0609375 0.109375
1 0.7671875 0.20078125 0.053125 0.10546875
1 0.6125 0.13125 0.04375 0.078125
1 0.21875 0.15 0.05 0.0953125
1 0.2609375 0.19921875 0.05625 0.0859375
1 0.3453125 0.36953125 0.05625 0.109375
0 0.28984375 0.2125 0.028125 0.05390625
0 0.28125 0.2734375 0.0234375 0.0359375
0 0.49921875 0.1484375 0.02421875 0.03984375
0 0.49921875 0.2015625 0.02109375 0.03359375
0 0.49921875 0.27421875 0.02109375 0.03125
0 0.49765625 0.34765625 0.02890625 0.03671875
0 0.7109375 0.2140625 0.01953125 0.03671875
0 0.71953125 0.2734375 0.0265625 0.0421875