1 0.8009696486760924 0.11395088944140412 0.06199703990858687 0.09051645934118144
1 0.7874379956567739 0.17547873543917697 0.06882923676543377 0.10308918467536321
1 0.5170056792790543 0.2871134800684059 0.060361765301481005 0.08893577800763594
1 0.4755693883370101 0.1015754220639516 0.054330089122798596 0.09355055267345422
1 0.2517701693542569 0.12473856003340755 0.05903685980096292 0.11078350600731786
1 0.4584012748119936 0.4035555453930427 0.05614730024766903 0.09903748400699967
0 0.5026007309744654 0.32989132606617877 0.02365797787409356 0.03853578866963616
0 0.49989730024766904 0.10420098273390602 0.016044531017246656 0.025953972668681758
0 0.49833910835322087 0.17133393873326966 0.027981604838564246 0.03077783267027252
0 0.5031400783694315 0.2408833700668151 0.029653266749222952 0.033139764003817976
0 0.7376242402800903 0.24595432009863183 0.024892992142117088 0.0315227200031817
0 0.26589478949430206 0.24358855736790747 0.030398129445670108 0.032367604670590744
0 0.27441145678164436 0.17497491736949833 0.026200781017246655 0.026072151336727113
0 0.8826521040099948 0.34212189011772187 0.024730326302516658 0.04479487933640893