1 0.1868898424734534 0.29510710049533806 0.06723711841898705 0.1162286215877872
1 0.21521822831563558 0.20095899420903174 0.058506959163159865 0.11192211124870503
1 0.37869294047402036 0.13579852874093506 0.04814981252120454 0.08336046360606986
1 0.7858233941948847 0.17432395119556382 0.055808545098009435 0.10165669933804625
1 0.7403000738691319 0.22306751219659984 0.06170388103285873 0.0917915477664697
1 0.6466070936545798 0.39633588419867183 0.06254961841898705 0.11601029776646961
0 0.7093402505481542 0.23571090735803563 0.030870543283910833 0.05759633023145838
0 0.7172866706037545 0.2994651923042237 0.025528278855940556 0.03862800641014079
0 0.4952529578972156 0.15922537427387437 0.026445938111767653 0.04257064371369372
0 0.49331594646447013 0.21469412427387438 0.023075401451278666 0.035393844499482
0 0.4906968887525891 0.28969412427387436 0.022993555897782514 0.033050094499482
0 0.48880451733837715 0.36629301157742733 0.03102431070710594 0.039663967535011224
0 0.2733209049946579 0.2177505419755014 0.02164931070710594 0.039227319892376225
0 0.2618179206037545 0.2782513943328663 0.02887153366526398 0.04502355562435252