1 0.17138822726258698 0.09860019504790292 0.06389535672980182 0.11404921189493056
1 0.2270360493919777 0.14869537030810212 0.06741960475263546 0.10487892978275495
1 0.4304409392021348 0.26510718509828024 0.07272918726214943 0.10125928482570909
1 0.6753130874152489 0.3395871274326497 0.06933227323170463 0.11355456693788471
1 0.7614747163881721 0.11912746325372696 0.06952327422028777 0.11824206693788471
1 0.5832488987074057 0.05440762324877818 0.06179168726214943 0.10068607473980082
0 0.47645772923975327 0.0732571997976013 0.026001425893442943 0.04501925090451116
0 0.4721893819014917 0.13974533695273106 0.02577859140676253 0.039550500904511135
0 0.47072769958225813 0.2138821997976013 0.02346667490485981 0.0402089201718165
0 0.4674170157801497 0.2951321997976013 0.025029174904859806 0.04029080732694625
0 0.23722945007654966 0.22378057948949923 0.028839924410568152 0.038151775214770645
0 0.6983380464262282 0.13802794945891703 0.018397172927693363 0.030588258706427274
0 0.7066333660841609 0.20229848937300873 0.021027424410568152 0.037742339439121864
0 0.6446148216350991 0.021567467776282725 0.02727742441056833 0.038069888059640906
0 0.09128559730108059 0.3234198106063066 0.025842258402956998 0.04111300090451113