1 0.215625 0.15234375 0.05546875 0.103125
1 0.2703125 0.20234375 0.059375 0.09453125
1 0.4640625 0.3203125 0.0640625 0.090625
1 0.69609375 0.4015625 0.06015625 0.103125
1 0.76796875 0.20078125 0.06015625 0.10703125
1 0.59921875 0.13125 0.05390625 0.090625
0 0.5 0.14375 0.02265625 0.04140625
0 0.4984375 0.20546875 0.02265625 0.03515625
0 0.5 0.275 0.0203125 0.0359375
0 0.5 0.35 0.021875 0.0359375
0 0.28203125 0.27265625 0.025 0.034375
0 0.709375 0.21484375 0.01640625 0.028125
0 0.7203125 0.275 0.01796875 0.034375
0 0.65546875 0.103125 0.02421875 0.034375
0 0.15 0.35859375 0.02265625 0.03671875