1 0.8022941646981228 0.11888935836585143 0.052891876223535306 0.08368525324641088
1 0.7634052794889128 0.14692858360908512 0.06552828547936258 0.08780969155801359
1 0.47755460344286266 0.28872021185384833 0.06690973620500192 0.10501082832748879
1 0.38937753556418053 0.40517310065191847 0.07315973620500191 0.10511992248329012
1 0.27064486061443876 0.1391134983784422 0.07052580952597962 0.11912787540538945
1 0.37727680653075474 0.14819639772981907 0.06149554990733277 0.1064778709411626
0 0.735865611247411 0.2537240543880919 0.03420387440943671 0.04041649431795715
0 0.5021602446425224 0.18744803815274222 0.023883933302444406 0.035551716314779915
0 0.5068775156939147 0.2553758778443167 0.019868555897782515 0.032358532467404014
0 0.5066716737686153 0.3390241749222174 0.020813497004775174 0.03705966923687924
0 0.2740377338427492 0.25865838514791734 0.02574653366526398 0.04417273985373029
0 0.28357393574951495 0.19595383360578983 0.018251492195451656 0.03076875892845372
0 0.29584326805616734 0.09958734821628643 0.021540183302444227 0.03551080600635441