1 0.21953125 0.15390625 0.05234375 0.075
1 0.228125 0.20703125 0.04921875 0.07578125
1 0.5265625 0.15703125 0.04609375 0.08671875
1 0.50625 0.31328125 0.06171875 0.08984375
1 0.5171875 0.4203125 0.06796875 0.08046875
1 0.7171875 0.15859375 0.04765625 0.0984375
0 0.2078125 0.16875 0.0171875 0.0328125
0 0.2828125 0.2765625 0.02890625 0.03359375
0 0.5015625 0.20703125 0.02109375 0.03125
0 0.50078125 0.27578125 0.02265625 0.0375
0 0.503125 0.35078125 0.02578125 0.03984375
0 0.71953125 0.2765625 0.01875 0.03203125
0 0.7109375 0.2140625 0.01875 0.03359375