1 0.7661065353604728 0.1136432491973918 0.05471107878371626 0.08614832032575284
1 0.7234267297361203 0.14243293730915946 0.06739301530148101 0.09049107994439964
1 0.4200384024001461 0.29264379075202207 0.06979242328319835 0.1085143936467305
1 0.3207939195636539 0.41388636289187347 0.07604242328319835 0.10873264845605383
1 0.22106586311073184 0.14359619945969504 0.07282753205070396 0.12343998920022684
1 0.3291865781645438 0.14996027214770055 0.0636151978903042 0.10985863883740707
0 0.6863012572387103 0.25292649320694205 0.035522277088305285 0.04257936960011346
0 0.4537477764691326 0.18850936225890122 0.025111315963434678 0.036755955534962845
0 0.45285305645292195 0.25795876670540496 0.02027826674922295 0.03346726442797028
0 0.4449805903656528 0.34325142596123215 0.022059090570540542 0.03820932813030105
0 0.21460819375647494 0.2654984813108605 0.026292826302516926 0.04537698738612832
0 0.2293107026478151 0.20102675354337904 0.019424242142117087 0.031877482576804894
0 0.25026536559193124 0.10279758466890507 0.02198631596343468 0.03664682813030114