1 0.80859375 0.24703585917728121 0.0703125 0.10874360731976358
1 0.77265625 0.1773932932138465 0.04375 0.126256438998964
1 0.75078125 0.11621819871436449 0.0453125 0.09820421360606986
1 0.10859375 0.31287033519385704 0.06328125 0.1006036215877872
1 0.184375 0.16093115363849117 0.0578125 0.08550516046291672
1 0.171875 0.10253645678164432 0.0578125 0.10191141046291671
0 0.24140625 0.244056176797855 0.03046875 0.04282535483856424
0 0.2515625 0.18281046174404306 0.02421875 0.044878006410140794
0 0.4765625 0.11594625516728652 0.02421875 0.03784675641014079
0 0.478125 0.18398777977439235 0.028125 0.042716192927905405
0 0.478125 0.2582065297743924 0.02734375 0.042679805624352515
0 0.478125 0.3363315297743924 0.0296875 0.05060146753501123
0 0.715625 0.2684870200544827 0.02109375 0.037701207195929065
0 0.70546875 0.20317023510829463 0.02109375 0.040044957195929064