0 0.8950534367187636 0.08317559588630094 0.023368881541796328 0.04016797659425164
0 0.5550262181476202 0.2592898750578005 0.02796537628012441 0.03885113805964089
0 0.5492851813865045 0.17417456863536535 0.02676689732681172 0.04501925090451118
0 0.5441356788262557 0.09921551221293023 0.02668359734092931 0.03021644448207601
0 0.5408671946818584 0.029643318635365356 0.030400131541796327 0.04053646879233554
0 0.7796104472421072 0.09236024536590258 0.026956613125944707 0.03490394448207603
0 0.7946431840173404 0.16209953527999432 0.023922618387616622 0.0363026701718165
0 0.311732702503779 0.11844794832726327 0.025394113125944705 0.03482205732694625
0 0.3039271787556685 0.1862496019907364 0.026630389434303937 0.04267550090451113
0 0.18697635523343697 0.021616901995907552 0.025113392065139895 0.043233803991815103
1 0.18223346025511247 0.2764762115562463 0.07861709463950613 0.1061515027135334
1 0.2428006919804353 0.11892598315297236 0.06636001834526431 0.08292204262762519
1 0.2301117052052021 0.05130689351560806 0.06698934990117796 0.10261378703121612
1 0.7948266525884836 0.025178495732472262 0.05293455517696728 0.050356991464944524
1 0.8452886551487324 0.07638004127288814 0.05681768934959948 0.1330481953865872
1 0.8888713261530675 0.12503222523951457 0.06688293408792774 0.13201796189493056