1 0.16958020521324366 0.27012132615306744 0.0685550781606353 0.10473997888272546
1 0.20511825029458758 0.2065439445406841 0.04288291246959073 0.1219883920651399
1 0.22576709358053346 0.14991451294241812 0.04429087636523725 0.09551689732681176
1 0.8432489884889268 0.4039213465644703 0.06148292154477701 0.0972992052052021
1 0.7698983677810303 0.25037984663505747 0.056713608313060604 0.08296368942018653
1 0.7827210755283567 0.1956391387284323 0.056023261903856716 0.09854318678935062
0 0.7147608950065892 0.3245384124765428 0.029138054156530303 0.04152734734092913
0 0.7057313286516147 0.2646173809065117 0.023682939695149584 0.04355257892507769
0 0.4897614158874363 0.1770131521649606 0.02364203307929138 0.036521328925077735
0 0.4878171208060923 0.24254714690328877 0.0275755541565303 0.04143634207925739
0 0.4874035094679698 0.3136408969032888 0.02678975897699054 0.04060958944842143
0 0.48696262705260834 0.38942214690328875 0.029183505951928267 0.04933984734092922
0 0.25850180464750955 0.2995273760683629 0.02051703307929138 0.03633931840173403
0 0.2690171238311545 0.2384001602692299 0.020530668617910842 0.038683068401734036