1 0.7234375 0.1234375 0.04140625 0.09296875
1 0.76796875 0.20078125 0.04453125 0.08984375
1 0.80703125 0.24296875 0.05546875 0.08828125
1 0.19140625 0.36640625 0.05 0.0984375
1 0.22890625 0.20859375 0.05546875 0.09375
1 0.2171875 0.1515625 0.0453125 0.096875
0 0.14921875 0.36171875 0.01953125 0.0390625
0 0.28125 0.27734375 0.02578125 0.04375
0 0.2859375 0.215625 0.0328125 0.046875
0 0.4984375 0.1453125 0.02421875 0.034375
0 0.49921875 0.209375 0.025 0.04296875
0 0.4984375 0.278125 0.028125 0.0453125
0 0.50234375 0.35234375 0.025 0.04609375
0 0.71171875 0.21328125 0.025 0.04296875
0 0.7203125 0.27578125 0.02734375 0.0359375