1 0.1399201566041492 0.34324256468808995 0.06215251922187681 0.08348520934118149
1 0.218015258367743 0.21047606536440763 0.05134117198083885 0.070867030673136
1 0.2092444459524141 0.15408970536281683 0.048301381162236014 0.057558508672817865
1 0.7469048982364062 0.1423662434356771 0.04533351141996071 0.0903164646721816
1 0.7633653799190405 0.20118726010499516 0.05576972241038014 0.12557271200668155
1 0.7979993294894993 0.25631111211008584 0.05725365728151779 0.10919373400699968
0 0.48387819651824093 0.3581890487348605 0.03420125961093845 0.04177896733768165
0 0.48649194142985835 0.2784833674013151 0.0330891389641522 0.0503545360041362
0 0.4932476317280628 0.14957711740131505 0.024334936680159912 0.032294879336408934
0 0.49071245194530794 0.21286745806808777 0.027787485300678937 0.03858124200349984
0 0.7067225542747286 0.2826094354312228 0.028855340343633174 0.04405908267027261
0 0.7011176854369644 0.22547818809672285 0.023966444482076098 0.02526362933640893
0 0.2660566106971637 0.2782635493714073 0.024870525214770643 0.027616470003181702
0 0.2779667904799186 0.21508229670590726 0.03502677521477064 0.027734648671227012