1 0.8038798547771382 0.13045653435583762 0.06024482970431322 0.08393009328594588
1 0.7920187007787876 0.18910937168985514 0.05792381175762458 0.08469770774732646
1 0.46238267656389276 0.13556777781473411 0.05357729255729495 0.09638918667008758
1 0.47996967867546375 0.3096547176080796 0.07165970282385174 0.10039997579950324
1 0.46479565657213995 0.42847289530117677 0.07837270407749272 0.08950338241536145
1 0.25059573040395866 0.1391432714700223 0.05552623746358769 0.1096795270291672
0 0.8159024816576 0.14679006148320067 0.020599656505633133 0.03683237948849518
0 0.7288307275009649 0.2668076456939602 0.03312238855894432 0.03768635236113216
0 0.4880897187254762 0.1916586965308408 0.02443771034569906 0.03451135538619425
0 0.4866659595542762 0.267435401351301 0.02700878087881229 0.04233749092481372
0 0.481912611903274 0.3502615368899204 0.030179244985435005 0.04391817164297294
0 0.24445572750096484 0.2696256570086417 0.022139424452321598 0.03606021984757479
0 0.2558538802456741 0.20003986485416406 0.021403638558944317 0.037618174668035034