1 0.7486235276748141 0.08685017631337247 0.048886422502670966 0.10419009288963736
1 0.8000620313030111 0.17081399943134631 0.05265626324684405 0.10044301038012335
1 0.845394378670606 0.21434382353790332 0.06434773139567866 0.10013926285158128
1 0.17360620262455598 0.3786303828900749 0.05845239546082905 0.11004084486680368
1 0.20814734981466554 0.20275629098902068 0.06453870435383643 0.10560801285158128
1 0.1926835517214313 0.14079746045667302 0.053710331758498195 0.10828734387822055
0 0.12732147966639795 0.37503980927780944 0.02259425181409851 0.04382825444862428
0 0.268606189377712 0.2761818621298282 0.03059772477225655 0.04961533942959626
0 0.2709201683263198 0.20802211114124503 0.03773810217691827 0.05302684091247105
0 0.5025942650609425 0.12112831171208631 0.02789931070710594 0.03936358893530465
0 0.505049631665831 0.19144081171208632 0.029007942921091257 0.048770422433401885
0 0.5069147212288774 0.2672538952101835 0.032968756623422024 0.05049208992388783
0 0.5144668156012474 0.34909414422160034 0.02911707032575279 0.05189542243340188
0 0.7388070727728235 0.18661009578102478 0.029007942921091257 0.048770422433401836
0 0.7505828756753813 0.25497809380385844 0.031051592558271324 0.04027217292769345