1 0.2021750804925538 0.1294198645584739 0.05579862141421197 0.07903683664159913
1 0.2088863827621393 0.18292585421939167 0.05348215326537735 0.07970892473094038
1 0.5161284530878921 0.11791716853019656 0.049957849181693346 0.09046448821317572
1 0.4894419235989794 0.2790558757261256 0.06650050843752045 0.09513487158778719
1 0.4965872462869849 0.38714020347638467 0.07239584437236993 0.08526972001621065
1 0.7105778575343958 0.11120047994551732 0.0519568588003402 0.10303726282028158
0 0.1899379753204107 0.1448094241117678 0.019141869600113416 0.034430657981717336
0 0.26265373430608535 0.2513997183635808 0.030887901451278843 0.035757717535011314
0 0.4885466009109739 0.1706804495474432 0.022993555897782514 0.033050094499482
0 0.4853372661572508 0.24024808685099613 0.02477431070710594 0.03937286910658786
0 0.48500739474303883 0.3167014249403374 0.02798115626060227 0.041862168320799586
0 0.70793895245492 0.23144020533841142 0.020677087748947897 0.0337221825888232
0 0.701582314250485 0.16777796567749367 0.019950401451278667 0.03524829528527027