0 0.2796875 0.2734375 0.01953125 0.028125
0 0.5 0.35 0.021875 0.02890625
0 0.5 0.275 0.01953125 0.02578125
0 0.5 0.14375 0.01640625 0.0234375
0 0.5 0.20625 0.01953125 0.03203125
0 0.7109375 0.21640625 0.01953125 0.03046875
0 0.72109375 0.275 0.02421875 0.0375
0 0.28984375 0.2140625 0.0203125 0.03359375
1 0.15546875 0.340625 0.05703125 0.0984375
1 0.21484375 0.15625 0.053125 0.0796875
1 0.22890625 0.209375 0.05390625 0.06484375
1 0.7484375 0.12890625 0.046875 0.08125
1 0.77421875 0.190625 0.04921875 0.10703125
1 0.8078125 0.2484375 0.05546875 0.08359375