0 0.81484375 0.209375 0.01953125 0.03515625
0 0.50078125 0.3515625 0.0234375 0.03359375
0 0.5 0.275 0.021875 0.03984375
0 0.49921875 0.2078125 0.02265625 0.02578125
0 0.5 0.14453125 0.025 0.03515625
0 0.71015625 0.2125 0.021875 0.03046875
0 0.7203125 0.275 0.01953125 0.03203125
0 0.28984375 0.21328125 0.02109375 0.03046875
0 0.2796875 0.27421875 0.021875 0.0375
0 0.1828125 0.1203125 0.0203125 0.0375
1 0.16484375 0.34921875 0.065625 0.0921875
1 0.228125 0.21015625 0.05546875 0.071875
1 0.21953125 0.14765625 0.0546875 0.09375
1 0.7296875 0.12421875 0.04296875 0.1
1 0.77109375 0.20078125 0.04453125 0.1171875
1 0.80703125 0.246875 0.053125 0.11640625