1 0.19054825282867038 0.11003661070687035 0.0616056413923519 0.1183929552052021
1 0.2502459605759968 0.16204716076334008 0.06623405405833438 0.10850972099021768
1 0.4658533007386847 0.2807839372834608 0.07089882816063539 0.10487648677523324
1 0.7226259963857627 0.3557028243692776 0.06785109621281205 0.1179757262518895
1 0.8010181202169171 0.1284053060240133 0.06709711729005079 0.12261772362105358
1 0.613853942622016 0.06271793479379924 0.06074257816063522 0.10428495257436618
0 0.5037749606741927 0.0824150557416646 0.025263620413308985 0.04676858418674958
0 0.5033936864736959 0.15121055837250053 0.02522725897699054 0.040518584186749605
0 0.5054016140685971 0.2276820531108287 0.022106804156530303 0.04111782366340595
0 0.5051066982793566 0.3113213057416646 0.024450554156530302 0.04125433155591365
0 0.26398172852997764 0.23939861603912935 0.028347713797450602 0.039919344710093264
0 0.7362652738077134 0.14780702438339502 0.01814601200205246 0.03151531050922625
0 0.7483703640685971 0.21353073492085617 0.020530668617910842 0.038683068401734036
0 0.6753908854404236 0.027873226957761205 0.0267852137974506 0.039828339448421436
0 0.11843794525429456 0.34243885800544727 0.025236349336070062 0.04208108418674961