1 0.21484375 0.15 0.05390625 0.08359375
1 0.23046875 0.2078125 0.06015625 0.0953125
1 0.4875 0.31484375 0.05234375 0.08203125
1 0.51796875 0.14296875 0.046875 0.08671875
1 0.728125 0.16640625 0.05 0.103125
1 0.546875 0.42421875 0.04765625 0.09140625
0 0.50234375 0.35546875 0.0203125 0.0359375
0 0.49609375 0.14453125 0.0140625 0.02421875
0 0.49921875 0.20703125 0.02421875 0.028125
0 0.4984375 0.271875 0.02578125 0.03046875
0 0.28046875 0.2734375 0.021875 0.02890625
0 0.71953125 0.27734375 0.02734375 0.03046875
0 0.70859375 0.21328125 0.0234375 0.02421875
0 0.1484375 0.36171875 0.02109375 0.04140625