0 0.2623464468363147 0.2866741430985763 0.02081706047058134 0.029615578130301135
0 0.4875452698887976 0.37271087993655044 0.022393197240056395 0.030451391832631992
0 0.48811406006683955 0.295339848085385 0.019994900162155816 0.02724454627913566
0 0.4904459476470936 0.161746098085385 0.01682898985373029 0.024791668874473947
0 0.4893413693196048 0.225027348085385 0.02088524431795715 0.033521828130301135
0 0.7055703413164276 0.24274067085820855 0.020857970779006862 0.03195932813030113
0 0.7154441732973643 0.30406011677452455 0.024886951704283435 0.03912698738612823
0 0.2735800016248531 0.2253100571637269 0.021693767856907444 0.035111609981466604
1 0.1330214111224997 0.35094991950744614 0.06035289326229694 0.10282738883740716
1 0.198053896104966 0.16326143574951496 0.05610572402541765 0.08315972958157998
1 0.21114818547222894 0.21922125907049267 0.05584662540538945 0.06831597958157998
1 0.746187433036597 0.15504226341647995 0.04911538433384308 0.08525794292109108
1 0.7716453547091081 0.21925109635610446 0.05269039772652384 0.1111483203257528
1 0.8049975969984704 0.2790452478073833 0.058531294642268604 0.08792907513507622