1 0.815494445952414 0.10840796924662077 0.055779688489182175 0.08317102611928182
1 0.793015258367743 0.16568155868574266 0.06280761646291495 0.0983423247398008
1 0.47737589100031697 0.30142646540143353 0.061330325644311935 0.08502013116223592
1 0.27828437302163556 0.14591120703369054 0.05889804443664755 0.11294041327441154
1 0.4793334594085398 0.4127357796257848 0.05775162426483096 0.09106541327441153
0 0.7388799570336906 0.2472081976498947 0.0265149123699004 0.03021644448207601
0 0.5075724033247889 0.1860947144969224 0.026883404567984215 0.03724769448207606
0 0.5063131184990798 0.2547218837642277 0.022731493102595125 0.03235547659425162
0 0.4994655749669434 0.34078221449692236 0.024253049525030157 0.031656113749381376
0 0.2693896506112554 0.2710340377663852 0.027006235300678937 0.0395914444820761
0 0.28446577397157524 0.206357384102912 0.024870525214770643 0.028572057326946343