0 0.3051434557268455 0.23046875 0.021980300079142267 0.03046875
0 0.5426865713245362 0.3125 0.024346782132453625 0.03125
0 0.5403451698334681 0.23203125 0.021108121865896834 0.02734375
0 0.5362761322907381 0.0921875 0.017914925705962936 0.025
0 0.5382083568222022 0.15859375 0.022071228292387703 0.03359375
0 0.7627453555685608 0.16953125 0.022048496239076343 0.0328125
0 0.7755241518867795 0.2328125 0.02694058471887839 0.03984375
0 0.31423965940862686 0.1671875 0.02292067445232169 0.0359375
1 0.17442230463148883 0.30234375 0.06320234514371963 0.1046875
1 0.232756327197031 0.10546875 0.059509043810936114 0.08515625
1 0.24925951708875882 0.1625 0.0590544027447093 0.06953125
1 0.8006652412245113 0.0765625 0.052523257917559005 0.08671875
1 0.8299184837026641 0.1421875 0.055662629783455486 0.1140625
1 0.8676518159142599 0.20390625 0.061966454077492725 0.0890625