1 0.8311359273119944 0.09415241112579499 0.05604415807470105 0.08452105032431156
1 0.8128695661494015 0.1531007171321494 0.06359376324684404 0.09948753124958812
1 0.4968948804847046 0.2829105426169691 0.062348721777031636 0.08619264448011296
1 0.276021841377145 0.11400440422264084 0.059479182121317906 0.11581196063273706
1 0.5095263444571879 0.39838553815274225 0.058688008437520624 0.09315571063273716
0 0.7641716605217714 0.23603199391751062 0.026845242195451747 0.03091876339268058
0 0.517775320958725 0.16450541599376364 0.027063497004775172 0.03716876339268058
0 0.5233829694147789 0.23554461891586298 0.022993555897782514 0.03241307954530477
0 0.5233408185964723 0.32388041599376366 0.024556055897782515 0.03244035308425506
0 0.27739834681944064 0.24296520130054153 0.027172624409436887 0.04029376339268058
0 0.28757938947037925 0.1763407629889388 0.025200896641955416 0.02854773985373029