1 0.1240339602814092 0.37819216041040427 0.06459428600615764 0.09513746572854584
1 0.20208571652792515 0.23591292612483264 0.052793722774441054 0.080392426266007
1 0.18844539734428026 0.1734206314006219 0.050363614363184706 0.06541216837349917
1 0.778175517855785 0.18824386768174492 0.0451084878015557 0.10181239995764768
1 0.8004232225780493 0.2535804413451508 0.05471074677854624 0.14142093152767882
1 0.8413982014026147 0.31610282814861884 0.057726662469590906 0.12285294205102248
0 0.5030129331540462 0.41276093636582767 0.03541987041330898 0.047360118387616626
0 0.5001555778660477 0.32434317847331984 0.03391645774732641 0.057425363125944706
0 0.5001141503693424 0.18298243110415577 0.02520907825883114 0.03739358418674961
0 0.5013044665279252 0.2533404337349917 0.028370439695149584 0.043825594710093264
0 0.7431379634046672 0.3408382466632924 0.029969301131468208 0.05016659997176518
0 0.7333948038619427 0.2770109650932613 0.025159081283893416 0.028799834186749605
0 0.258767508584207 0.31340786554501915 0.02595851200205255 0.031970336817585474
0 0.2677334424256242 0.24364139711505026 0.03767726200205255 0.03265287628012441