0 0.5452983435805334 0.14942922311760462 0.029932939695149586 0.04287848423243057
0 0.5472875695764283 0.21042127450437548 0.021334644515609825 0.04189721248093754
0 0.5452614612633678 0.2900724069131949 0.02754373789975162 0.03501143284565975
0 0.5447751270526083 0.37366615691319494 0.03067782825883114 0.036646668028020815
0 0.30230634680198726 0.2820734964846183 0.029932939695149673 0.04287848423243057
0 0.31441143706287106 0.2159400034184725 0.02287441861791084 0.038027330072118025
0 0.7784693918833312 0.22752242799909786 0.02285623789975162 0.03490233007211803
0 0.7882438468019872 0.2933838173417715 0.02444146379745078 0.0388449476632986
1 0.9230273920797231 0.36059211397888963 0.06394484621281223 0.11553538744281262
1 0.8449620002945876 0.21422430062427153 0.05519656010845857 0.08877286569131951
1 0.8554273225032947 0.16133568996694517 0.0645624697493787 0.08742857123840282
1 0.2664875423508694 0.1265313580918752 0.048219852262936236 0.09798421153100696
1 0.24580688280814492 0.189339829406528 0.05706813231716561 0.14193423328250004
1 0.20641258470173884 0.24546188962701407 0.0833488311856975 0.0941149823325695