1 0.8450989357792746 0.10531180072475807 0.06147335228117754 0.0908528709411626
1 0.8312075321289532 0.1667441785657795 0.06823268825073256 0.10346196509696393
1 0.560105806349241 0.2767741489410445 0.05984718528498316 0.08926309740221221
1 0.5197806007983028 0.09182640462308736 0.053788186273566296 0.09384150324641087
1 0.29501802273741295 0.11288537824476323 0.05839477323170463 0.11109718709378673
1 0.5008183310638203 0.3928434338440806 0.05557352076024671 0.09933752678536126
0 0.5454822322426839 0.32023777678206594 0.02343484140676253 0.03866307954530477
0 0.5432817677944971 0.09379800770734245 0.015894255437207506 0.026040348620028242
0 0.542113198630856 0.1609173238599666 0.027804006425790638 0.030932400162155815
0 0.5465088799615063 0.23047584739891694 0.029462006920082117 0.0333034237011061
0 0.7809793804557981 0.23691062824146797 0.024710839923887916 0.031659103084255055
0 0.30923171444818676 0.23179901947846523 0.030211423421985018 0.032535810470581336
0 0.3181491166156335 0.16325357102059282 0.026050505437207504 0.026217626623205436
0 0.9254562337255587 0.33389649674699856 0.02447075939154004 0.04492671631478