1 0.13896297680547645 0.2888615746897485 0.07212169220506533 0.12304870658477522
1 0.16138712205284098 0.1880719645023341 0.06333694121648215 0.11811115399835055
1 0.3293293557412186 0.11570653417751768 0.051971018288788785 0.08812813730530311
1 0.7645320266917457 0.148658055818623 0.059766272243121324 0.1070827257851052
1 0.7198853715585495 0.20198163261994256 0.06638368676785796 0.09713106426490725
1 0.6346203280980708 0.3883390182758931 0.06743419220506545 0.12291231426490726
0 0.6884589580223961 0.21589336843417764 0.033701179353484004 0.06106553213245362
0 0.7013528888587549 0.283376385127225 0.027404758402957086 0.040593907759274295
0 0.4543121096955513 0.13807093065402082 0.02837700939154022 0.04530413981258556
0 0.4567314555509382 0.19744593065402083 0.024933674410568152 0.03740071159934022
0 0.4607915558549493 0.27793741270733213 0.024838173916276674 0.03505696159934022
0 0.46488348965705767 0.3592101447606435 0.03293717539915129 0.04231553213245363
0 0.2244919585166877 0.20473427876724132 0.022780925399151376 0.042020015439406144
0 0.21700972235685217 0.2700637620741939 0.030784426387734508 0.04693483597251955